100 100 100
75 49 48
75 49 48
75 50 48
75 50 48
75 51 48
75 52 48
75 52 48
75 53 48
75 53 48
75 54 48
75 55 48
75 55 48
75 56 47
75 57 47
75 57 47
75 58 47
75 58 47
75 59 47
75 60 47
75 60 47
75 61 47
75 62 47
75 62 47
75 63 47
75 63 47
75 64 47
75 65 47
75 65 47
75 66 47
75 67 47
75 67 46
75 68 46
75 69 46
75 69 46
75 70 46
75 71 46
75 71 46
75 72 46
75 73 46
75 73 46
75 74 46
75 75 46
75 75 46
74 75 46
73 75 45
73 75 45
72 75 45
71 75 45
70 75 45
70 75 45
69 75 45
68 75 45
68 75 45
67 75 45
66 75 45
65 75 45
65 75 44
64 75 44
63 75 44
62 75 44
61 75 44
61 75 44
60 75 44
59 75 44
58 75 44
58 75 43
57 75 43
56 75 43
55 75 43
54 75 43
53 75 43
53 75 43
52 75 43
51 75 42
50 75 42
49 75 42
48 75 42
47 75 42
46 75 42
45 75 42
45 75 41
44 75 41
43 75 41
42 75 41
41 75 41
41 75 41
40 75 42
40 75 43
40 75 43
40 75 44
40 75 45
39 75 45
39 75 46
39 75 47
39 75 47
39 75 48
38 75 49
38 75 49
38 75 50
38 75 51
38 75 52
37 75 52
37 75 53
37 75 54
37 75 55
36 75 55
36 75 56
36 75 57
36 75 58
35 75 59
35 75 60
35 75 60
35 75 61
34 75 62
34 75 63
34 75 64
33 75 65
33 75 66
33 75 67
33 75 68
32 75 68
32 75 69
32 75 70
31 75 71
31 75 72
31 75 73
30 75 74
30 74 75
29 73 75
29 72 75
29 71 75
28 70 75
28 69 75
28 68 75
27 67 75
27 65 75
26 64 75
26 63 75
25 62 75
25 60 75
24 59 75
24 58 75
24 56 75
23 55 75
23 53 75
22 52 75
22 50 75
21 49 75
21 47 75
20 46 75
19 44 75
19 43 75
18 41 75
18 39 75
17 38 75
17 36 75
16 34 75
15 32 75
15 30 75
14 28 75
13 26 75
13 24 75
12 22 75
11 20 75
11 18 75
10 16 75
9 14 75
8 12 75
8 9 75
7 7 75
8 6 75
9 5 75
9 5 75
10 4 75
11 3 75
12 2 75
13 1 75
14 0 75
16 0 75
18 0 75
19 0 75
21 0 75
23 0 75
25 0 75
26 0 75
28 0 75
30 0 75
32 0 75
34 0 75
35 0 75
37 0 75
39 0 75
41 0 75
42 0 75
44 0 75
46 0 75
48 0 75
49 0 75
51 0 75
53 0 75
55 0 75
56 0 75
58 0 75
60 0 75
62 0 75
64 0 75
65 0 75
67 0 75
69 0 75
71 0 75
72 0 75
74 0 75
75 0 74
75 0 72
75 0 71
75 0 69
75 0 67
75 0 65
75 0 64
75 0 62
75 0 60
75 0 58
75 0 56
75 0 55
75 0 53
75 0 51
75 0 49
75 0 48
75 0 46
75 0 44
75 0 42
75 0 41
75 0 39
75 0 37
75 0 35
75 0 34
75 0 32
75 0 30
75 0 28
75 0 26
75 0 25
75 0 23
75 0 21
75 0 19
75 0 18
75 0 16
75 0 14
75 0 12
75 0 11
75 0 9
75 0 7
75 0 5
75 0 4
75 0 2
75 0 0
